444444444444444444444444444444444444444444444444444   111111   44
444444444444444444444444444444444444444444444444    1111111111  4
4444444444444444444444444444444444444444444444   111h111111i111 4
4444444444444444444444444444444   44444444444  111111111 1116611 
44444444444444444444444  666661111  4444444   11111111     16661 
4444444444444444444444  11111111111  44444  1111111    444  1661 
4444444444444444444444 1e11644411111 4444  1111111  4444444 1441 
444444444444444444444  1116644411f11  44  111111  444444444 1111 
444444444444444444444 111564444 11111 44 111111  44444444  11111 
44444444444444444444  111544444  1111   111111  44444444  11j11  
4444444444444444444  11115444444 11111 111111  44444444  11111 44
4444444444444444444 11111 444444  1113111111  44444444  111111 44
4444444444444       11111 4444444 1111g1111  44444444  111111  44
44444444444   1111111d11 44444444    11111  4444444  1111111  444
4444444444  11111111111  44444444444      44444444  3111111  4444
4444444444 1111c1111111 4444444444444444444444444  1111111  44444
444444444 111111111111 4444444444444444444444444  111111  4444444
444444444 11111   1    4444444444444444444444444 555111 444444444
444444444 1111 44114444444444444444444444444444  111k1 4444444444
444444444 111  44144444444444444444444444444444 11111  4444444444
444444444 111 444144444444444444444444444444444 1111111  44444444
444444444 1b1 4441144444444444           444444466661111 44444444
444444444 111  444114444       1111111111  4444466661111 44444444
444444444 1111 44441144  112   11111n11111  444466661111  4444444
444444444 1111  4444144 11121 EHK1111111111  446666641111 4444444
444444444 11111   4414 11132oBDGJL    111111 446666441111 4444444
444444444  111111   1 1111121ACFI  44   1111  444444111l1 4444444
4444444444 1111111111111111       44444 111111 4444111111 4444444
4444444444  11111111a11111 444444444444  11m111311111111 44444444
44444444444   11111111111  4444444444444 11111111111111  44444444
4444444444444     1111    44444444444444   11111111111  444444444
44444444444444444      4444444444444444444             4444444444
